1.874397753144773970e+00
1.310515288806632261e+00
9.489851270795173210e-01
7.529588812757330718e-01
6.175355453168034359e-01
5.045630713100628384e-01
4.054083512414751733e-01
3.280199271105134762e-01
2.511527885675735039e-01
1.995231610201203820e-01
1.593003424403764967e-01
1.249547982707505389e-01
1.013016254614914763e-01
8.931200947526775347e-02
7.581364429410537842e-02
6.864452024545435183e-02
6.261563121848513769e-02
5.950458117586839013e-02
4.884201715476430006e-02
5.659272703234954210e-02
