1.373004824456656392e+00
8.794392274163872480e-01
6.771434835155906162e-01
5.461376951935955626e-01
4.399091337647889066e-01
3.530968320948998374e-01
2.866869150753826312e-01
2.204355640560769769e-01
1.677646774207920688e-01
1.400222764314745516e-01
1.115337557985883188e-01
9.298441862292072813e-02
8.454111660771129744e-02
6.810673196559481612e-02
6.456183023331567294e-02
6.387325979607261228e-02
5.297135157198609723e-02
5.095377752004796174e-02
4.354322778791679810e-02
4.303173403121064028e-02
