1.228365876485624675e+00
8.077462275924585100e-01
5.738623274104369676e-01
3.880507816439089375e-01
2.513782361622356465e-01
1.684420979998605683e-01
1.282983531703805746e-01
1.035662025017925897e-01
9.217814378240300754e-02
7.984116140638700121e-02
7.327330580619556555e-02
6.941262348686032257e-02
6.399280283435740402e-02
5.875576902812113672e-02
5.953540316189798870e-02
5.011572669762784371e-02
4.869665227511235650e-02
4.660409465051063016e-02
4.780273239159256449e-02
4.821920491423924843e-02
