1.204136735642962419e+00
7.578203924324201646e-01
5.831645155501792299e-01
4.609798242140303870e-01
3.610911075111545299e-01
2.772537561900475511e-01
2.121304857265918775e-01
1.696855445937884843e-01
1.296716199049254559e-01
1.082410830766191295e-01
9.150794719386359799e-02
7.934709944431204975e-02
6.728924185161472282e-02
6.289680831281997675e-02
5.713343564802042529e-02
5.506313704144771837e-02
4.879352684332834145e-02
4.661221710888816677e-02
4.211320976436119107e-02
4.141946461604303215e-02
