1.738094629838948357e+00
1.332634710594821081e+00
1.124790608120696422e+00
9.803960048938955563e-01
8.358977549826093201e-01
7.161855277655374552e-01
6.132907419253492698e-01
5.078063252789285498e-01
4.022321960581538014e-01
3.126400110056942738e-01
2.160010857655264294e-01
1.617920279617199864e-01
1.173434744510428035e-01
8.680912738908892756e-02
6.637049786260594553e-02
6.184018052199764803e-02
5.606131076507860772e-02
4.654216941427010562e-02
4.383150166998643626e-02
4.661483568784868803e-02
