1.744248669165784360e+00
1.197510174168345154e+00
8.912621524632738934e-01
7.213418325194922431e-01
6.004130860881122800e-01
4.941108343012802218e-01
4.036118605024064387e-01
3.393155227384299089e-01
2.771585690395911294e-01
2.260103484286981601e-01
1.979069993509660896e-01
1.748623722101873834e-01
1.356804076953769533e-01
1.257252427927978145e-01
1.119168679589581938e-01
1.077913775125427936e-01
1.001589740090586683e-01
8.921065081453993795e-02
8.380997534174366992e-02
8.272013911748747617e-02
