1.967797863209034270e+00
1.479078675170078849e+00
1.207177442053090077e+00
1.040918469124133106e+00
9.191610226240913839e-01
8.268306016007347381e-01
7.502686684698705033e-01
6.934488425626779140e-01
6.294979175643238278e-01
5.657625610718641784e-01
5.193982242470811528e-01
4.745045069538418869e-01
4.378908759035417542e-01
3.932391755721148519e-01
3.570703704033971193e-01
3.309487316690747361e-01
2.971367624104785388e-01
2.637525627299038278e-01
2.413077346618523189e-01
2.349593639564331315e-01
