1.699979236058871690e+00
1.118175901262961291e+00
8.359532816635678598e-01
6.570085174287371155e-01
5.160181722067811450e-01
3.899569039606987086e-01
2.890398957768974264e-01
2.193244652598715094e-01
1.649133856110560625e-01
1.300646971168039345e-01
1.006458978337781140e-01
8.897710875715211798e-02
7.596879327893638068e-02
7.326829810733989645e-02
6.381972388023762766e-02
5.984719528380752496e-02
5.662446076859055377e-02
5.551680200435506890e-02
5.182926564017677207e-02
5.643258474664786251e-02
